
epochs_range = range(5, 30, 5)
lr_decay_range = range(5, 30, 5)

for n_epochs_entity in epochs_range:
    lr_loop = []
    for n_epochs_timex in lr_decay_range:
        
array([[[ 29.56898298,  25.5193    ,  35.1464    ],
        [ 31.0913953 ,  26.6862    ,  37.2385    ],
        [ 31.99981754,  27.5964    ,  38.0753    ],
        [ 31.15882087,  26.7857    ,  37.2385    ],
        [ 31.01139055,  26.7857    ,  36.8201    ]],

       [[ 29.56898298,  25.5193    ,  35.1464    ],
        [ 31.0913953 ,  26.6862    ,  37.2385    ],
        [ 31.99981754,  27.5964    ,  38.0753    ],
        [ 31.15882087,  26.7857    ,  37.2385    ],
        [ 31.01139055,  26.7857    ,  36.8201    ]],

       [[ 29.56898298,  25.5193    ,  35.1464    ],
        [ 31.0913953 ,  26.6862    ,  37.2385    ],
        [ 31.99981754,  27.5964    ,  38.0753    ],
        [ 31.15882087,  26.7857    ,  37.2385    ],
        [ 31.01139055,  26.7857    ,  36.8201    ]],

       [[ 29.56898298,  25.5193    ,  35.1464    ],
        [ 31.0913953 ,  26.6862    ,  37.2385    ],
        [ 31.99981754,  27.5964    ,  38.0753    ],
        [ 31.15882087,  26.7857    ,  37.2385    ],
        [ 31.01139055,  26.7857    ,  36.8201    ]],

       [[ 29.56898298,  25.5193    ,  35.1464    ],
        [ 31.0913953 ,  26.6862    ,  37.2385    ],
        [ 31.99981754,  27.5964    ,  38.0753    ],
        [ 31.15882087,  26.7857    ,  37.2385    ],
        [ 31.01139055,  26.7857    ,  36.8201    ]]])
